7.650662E+2	1.100000E+1
7.650789E+2	8.000000E+0
7.650916E+2	1.500000E+1
7.651043E+2	1.300000E+1
7.651171E+2	1.000000E+1
7.651298E+2	1.200000E+1
7.651425E+2	1.200000E+1
7.651552E+2	1.100000E+1
7.651679E+2	1.400000E+1
7.651806E+2	1.100000E+1
7.651933E+2	7.000000E+0
7.652060E+2	8.000000E+0
7.652187E+2	6.000000E+0
7.652314E+2	6.000000E+0
7.652441E+2	8.000000E+0
7.652568E+2	1.000000E+1
7.652696E+2	9.000000E+0
7.652823E+2	-1.000000E+0
7.652950E+2	8.000000E+0
7.653077E+2	7.000000E+0
7.653204E+2	9.000000E+0
7.653331E+2	4.000000E+0
7.653458E+2	7.000000E+0
7.653585E+2	6.000000E+0
7.653712E+2	9.000000E+0
7.653840E+2	1.200000E+1
7.653967E+2	4.000000E+0
7.654094E+2	1.100000E+1
7.654221E+2	1.000000E+1
7.654348E+2	4.000000E+0
7.654475E+2	5.000000E+0
7.654602E+2	6.000000E+0
7.654729E+2	6.000000E+0
7.654856E+2	1.000000E+1
7.654984E+2	1.000000E+0
7.655110E+2	8.000000E+0
7.655237E+2	1.200000E+1
7.655364E+2	8.000000E+0
7.655492E+2	1.000000E+0
7.655619E+2	5.000000E+0
7.655746E+2	7.000000E+0
7.655873E+2	6.000000E+0
7.656000E+2	-1.000000E+0
7.656127E+2	5.000000E+0
7.656254E+2	9.000000E+0
7.656381E+2	6.000000E+0
7.656508E+2	1.000000E+1
7.656635E+2	4.000000E+0
7.656763E+2	9.000000E+0
7.656890E+2	-2.000000E+0
7.657017E+2	5.000000E+0
7.657144E+2	2.000000E+0
7.657271E+2	3.000000E+0
7.657398E+2	3.000000E+0
7.657525E+2	7.000000E+0
7.657652E+2	9.000000E+0
7.657779E+2	7.000000E+0
7.657906E+2	3.000000E+0
7.658033E+2	6.000000E+0
7.658160E+2	1.100000E+1
7.658287E+2	8.000000E+0
7.658414E+2	9.000000E+0
7.658541E+2	2.000000E+0
7.658668E+2	6.000000E+0
7.658796E+2	2.000000E+0
7.658923E+2	9.000000E+0
7.659050E+2	-1.000000E+0
7.659177E+2	4.000000E+0
7.659304E+2	4.000000E+0
7.659431E+2	3.000000E+0
7.659558E+2	2.000000E+0
7.659685E+2	1.000000E+0
7.659812E+2	3.000000E+0
7.659939E+2	5.000000E+0
7.660066E+2	4.000000E+0
7.660193E+2	3.000000E+0
7.660320E+2	7.000000E+0
7.660447E+2	3.000000E+0
7.660574E+2	5.000000E+0
7.660701E+2	7.000000E+0
7.660828E+2	4.000000E+0
7.660955E+2	4.000000E+0
7.661082E+2	5.000000E+0
7.661210E+2	9.000000E+0
7.661337E+2	3.000000E+0
7.661464E+2	-1.000000E+0
7.661591E+2	1.000000E+1
7.661718E+2	4.000000E+0
7.661844E+2	0.000000E+0
7.661971E+2	7.000000E+0
7.662099E+2	0.000000E+0
7.662226E+2	6.000000E+0
7.662353E+2	2.000000E+0
7.662480E+2	1.000000E+0
7.662607E+2	8.000000E+0
7.662734E+2	8.000000E+0
7.662861E+2	4.000000E+0
7.662988E+2	3.000000E+0
7.663115E+2	6.000000E+0
7.663242E+2	5.000000E+0
7.663369E+2	2.000000E+0
7.663496E+2	8.000000E+0
7.663623E+2	9.000000E+0
7.663750E+2	6.000000E+0
7.663877E+2	6.000000E+0
7.664005E+2	7.000000E+0
7.664131E+2	2.000000E+0
7.664258E+2	6.000000E+0
7.664385E+2	8.000000E+0
7.664512E+2	8.000000E+0
7.664639E+2	7.000000E+0
7.664766E+2	6.000000E+0
7.664893E+2	9.000000E+0
7.665020E+2	7.000000E+0
7.665148E+2	4.000000E+0
7.665275E+2	6.000000E+0
7.665402E+2	4.000000E+0
7.665529E+2	6.000000E+0
7.665656E+2	4.000000E+0
7.665782E+2	6.000000E+0
7.665909E+2	8.000000E+0
7.666036E+2	6.000000E+0
7.666163E+2	8.000000E+0
7.666290E+2	3.000000E+0
7.666418E+2	6.000000E+0
7.666545E+2	7.000000E+0
7.666672E+2	7.000000E+0
7.666799E+2	5.000000E+0
7.666926E+2	5.000000E+0
7.667053E+2	-1.000000E+0
7.667180E+2	9.000000E+0
7.667307E+2	5.000000E+0
7.667433E+2	2.000000E+0
7.667560E+2	2.000000E+0
7.667687E+2	5.000000E+0
7.667815E+2	6.000000E+0
7.667942E+2	0.000000E+0
7.668069E+2	2.000000E+0
7.668196E+2	6.000000E+0
7.668323E+2	7.000000E+0
7.668450E+2	4.000000E+0
7.668577E+2	6.000000E+0
7.668704E+2	1.000000E+0
7.668831E+2	2.000000E+0
7.668958E+2	2.000000E+0
7.669084E+2	0.000000E+0
7.669211E+2	6.000000E+0
7.669338E+2	2.000000E+0
7.669465E+2	8.000000E+0
7.669593E+2	1.000000E+0
7.669720E+2	1.000000E+0
7.669847E+2	1.000000E+0
7.669974E+2	4.000000E+0
7.670101E+2	1.000000E+0
7.670228E+2	-2.000000E+0
7.670355E+2	2.000000E+0
7.670482E+2	-2.000000E+0
7.670609E+2	4.000000E+0
7.670735E+2	4.000000E+0
7.670862E+2	-2.000000E+0
7.670989E+2	5.000000E+0
7.671116E+2	1.000000E+0
7.671243E+2	0.000000E+0
7.671370E+2	2.000000E+0
7.671497E+2	4.000000E+0
7.671624E+2	0.000000E+0
7.671751E+2	3.000000E+0
7.671878E+2	7.000000E+0
7.672005E+2	0.000000E+0
7.672132E+2	6.000000E+0
7.672259E+2	3.000000E+0
7.672386E+2	4.000000E+0
7.672513E+2	6.000000E+0
7.672640E+2	2.000000E+0
7.672767E+2	4.000000E+0
7.672894E+2	4.000000E+0
7.673021E+2	2.000000E+0
7.673148E+2	2.000000E+0
7.673275E+2	1.000000E+0
7.673402E+2	0.000000E+0
7.673529E+2	-1.000000E+0
7.673656E+2	4.000000E+0
7.673783E+2	1.000000E+0
7.673910E+2	2.000000E+0
7.674037E+2	-3.000000E+0
7.674164E+2	1.000000E+0
7.674291E+2	1.000000E+0
7.674418E+2	1.000000E+0
7.674545E+2	3.000000E+0
7.674672E+2	2.000000E+0
7.674799E+2	0.000000E+0
7.674926E+2	2.000000E+0
7.675052E+2	2.000000E+0
7.675179E+2	4.000000E+0
7.675306E+2	4.000000E+0
7.675433E+2	3.000000E+0
7.675560E+2	0.000000E+0
7.675687E+2	2.000000E+0
7.675814E+2	6.000000E+0
7.675941E+2	1.000000E+0
7.676068E+2	-1.000000E+0
7.676195E+2	2.000000E+0
7.676322E+2	1.000000E+0
7.676449E+2	-4.000000E+0
7.676576E+2	-4.000000E+0
7.676703E+2	-1.000000E+0
7.676830E+2	0.000000E+0
7.676957E+2	-2.000000E+0
7.677084E+2	1.000000E+0
7.677211E+2	-2.000000E+0
7.677338E+2	0.000000E+0
7.677465E+2	1.000000E+0
7.677592E+2	-4.000000E+0
7.677719E+2	3.000000E+0
7.677845E+2	0.000000E+0
7.677972E+2	1.000000E+1
7.678099E+2	4.000000E+0
7.678226E+2	-1.000000E+0
7.678353E+2	1.000000E+0
7.678480E+2	-2.000000E+0
7.678607E+2	4.000000E+0
7.678734E+2	2.000000E+0
7.678860E+2	0.000000E+0
7.678987E+2	1.000000E+0
7.679114E+2	-4.000000E+0
7.679241E+2	-4.000000E+0
7.679368E+2	0.000000E+0
7.679495E+2	4.000000E+0
7.679622E+2	0.000000E+0
7.679749E+2	-1.000000E+0
7.679876E+2	1.000000E+0
7.680003E+2	-1.000000E+0
7.680130E+2	-1.000000E+0
7.680257E+2	3.000000E+0
7.680384E+2	-1.000000E+0
7.680511E+2	4.000000E+0
7.680638E+2	3.000000E+0
7.680764E+2	4.000000E+0
7.680891E+2	6.000000E+0
7.681018E+2	-4.000000E+0
7.681145E+2	-1.000000E+0
7.681272E+2	5.000000E+0
7.681399E+2	-1.000000E+0
7.681526E+2	-3.000000E+0
7.681653E+2	1.000000E+0
7.681780E+2	2.000000E+0
7.681907E+2	3.000000E+0
7.682034E+2	1.000000E+0
7.682161E+2	1.000000E+0
7.682288E+2	1.000000E+0
7.682415E+2	2.000000E+0
7.682542E+2	1.000000E+0
7.682668E+2	2.000000E+0
7.682795E+2	-1.000000E+0
7.682922E+2	2.000000E+0
7.683049E+2	2.000000E+0
7.683176E+2	-1.000000E+0
7.683303E+2	1.000000E+0
7.683430E+2	3.000000E+0
7.683557E+2	2.000000E+0
7.683683E+2	2.000000E+0
7.683810E+2	1.000000E+0
7.683937E+2	2.000000E+0
7.684064E+2	-2.000000E+0
7.684191E+2	-4.000000E+0
7.684318E+2	1.000000E+0
7.684445E+2	2.000000E+0
7.684572E+2	-1.000000E+0
7.684698E+2	0.000000E+0
7.684825E+2	2.000000E+0
7.684952E+2	0.000000E+0
7.685079E+2	1.000000E+0
7.685206E+2	4.000000E+0
7.685333E+2	0.000000E+0
7.685460E+2	3.000000E+0
7.685587E+2	1.000000E+0
7.685714E+2	1.000000E+0
7.685840E+2	2.000000E+0
7.685967E+2	3.000000E+0
7.686094E+2	-1.000000E+0
7.686221E+2	-2.000000E+0
7.686348E+2	0.000000E+0
7.686475E+2	-4.000000E+0
7.686602E+2	-3.000000E+0
7.686729E+2	-3.000000E+0
7.686855E+2	3.000000E+0
7.686982E+2	-1.000000E+0
7.687109E+2	2.000000E+0
7.687236E+2	5.000000E+0
7.687363E+2	-1.000000E+0
7.687490E+2	5.000000E+0
7.687617E+2	1.000000E+0
7.687744E+2	-1.000000E+0
7.687870E+2	4.000000E+0
7.687997E+2	7.000000E+0
7.688124E+2	2.000000E+0
7.688251E+2	-4.000000E+0
7.688378E+2	3.000000E+0
7.688505E+2	-1.000000E+0
7.688632E+2	0.000000E+0
7.688759E+2	1.000000E+0
7.688885E+2	1.000000E+0
7.689012E+2	-1.000000E+0
7.689139E+2	0.000000E+0
7.689266E+2	1.000000E+0
7.689393E+2	0.000000E+0
7.689520E+2	0.000000E+0
7.689647E+2	0.000000E+0
7.689774E+2	0.000000E+0
7.689901E+2	0.000000E+0
7.690027E+2	2.000000E+0
7.690154E+2	-1.000000E+0
7.690281E+2	2.000000E+0
7.690408E+2	-1.000000E+0
7.690535E+2	-2.000000E+0
7.690662E+2	2.000000E+0
7.690788E+2	-5.000000E+0
7.690915E+2	-1.000000E+0
7.691042E+2	1.000000E+0
7.691169E+2	5.000000E+0
7.691296E+2	3.000000E+0
7.691423E+2	-2.000000E+0
7.691549E+2	-4.000000E+0
7.691676E+2	3.000000E+0
7.691803E+2	2.000000E+0
7.691930E+2	-1.000000E+0
7.692057E+2	1.000000E+0
7.692183E+2	3.000000E+0
7.692310E+2	5.000000E+0
7.692437E+2	0.000000E+0
7.692564E+2	5.000000E+0
7.692691E+2	1.000000E+0
7.692818E+2	1.000000E+0
7.692944E+2	5.000000E+0
7.693071E+2	0.000000E+0
7.693198E+2	-1.000000E+0
7.693325E+2	-1.000000E+0
7.693452E+2	5.000000E+0
7.693578E+2	1.000000E+0
7.693705E+2	1.000000E+0
7.693832E+2	4.000000E+0
7.693959E+2	4.000000E+0
7.694086E+2	1.000000E+0
7.694213E+2	-1.000000E+0
7.694340E+2	-2.000000E+0
7.694467E+2	0.000000E+0
7.694594E+2	1.000000E+0
7.694720E+2	1.000000E+0
7.694847E+2	3.000000E+0
7.694974E+2	6.000000E+0
7.695101E+2	0.000000E+0
7.695228E+2	3.000000E+0
7.695354E+2	0.000000E+0
7.695481E+2	0.000000E+0
7.695608E+2	2.000000E+0
7.695735E+2	-3.000000E+0
7.695862E+2	-2.000000E+0
7.695988E+2	0.000000E+0
7.696115E+2	4.000000E+0
7.696242E+2	2.000000E+0
7.696369E+2	1.000000E+0
7.696495E+2	4.000000E+0
7.696622E+2	-1.000000E+0
7.696749E+2	1.000000E+0
7.696876E+2	7.000000E+0
7.697003E+2	2.000000E+0
7.697130E+2	3.000000E+0
7.697256E+2	-1.000000E+0
7.697383E+2	3.000000E+0
7.697510E+2	1.000000E+0
7.697637E+2	4.000000E+0
7.697764E+2	5.000000E+0
7.697891E+2	1.000000E+0
7.698018E+2	1.000000E+0
7.698144E+2	0.000000E+0
7.698271E+2	-1.000000E+0
7.698398E+2	2.000000E+0
7.698525E+2	3.000000E+0
7.698651E+2	5.000000E+0
7.698778E+2	2.000000E+0
7.698905E+2	2.000000E+0
7.699032E+2	-2.000000E+0
7.699158E+2	5.000000E+0
7.699285E+2	4.000000E+0
7.699412E+2	0.000000E+0
7.699539E+2	2.000000E+0
7.699666E+2	0.000000E+0
7.699792E+2	0.000000E+0
7.699919E+2	3.000000E+0
7.700046E+2	-1.000000E+0
7.700173E+2	-3.000000E+0
7.700300E+2	-4.000000E+0
7.700427E+2	2.000000E+0
7.700553E+2	0.000000E+0
7.700680E+2	-2.000000E+0
7.700807E+2	4.000000E+0
7.700933E+2	2.000000E+0
7.701060E+2	1.000000E+0
7.701187E+2	-3.000000E+0
7.701314E+2	-3.000000E+0
7.701440E+2	2.000000E+0
7.701567E+2	1.000000E+0
7.701694E+2	-1.000000E+0
7.701821E+2	-5.000000E+0
7.701948E+2	0.000000E+0
7.702075E+2	3.000000E+0
7.702202E+2	2.000000E+0
7.702328E+2	0.000000E+0
7.702455E+2	-1.000000E+0
7.702582E+2	2.000000E+0
7.702708E+2	1.000000E+0
7.702835E+2	1.000000E+0
7.702962E+2	0.000000E+0
7.703089E+2	1.000000E+0
7.703215E+2	2.000000E+0
7.703342E+2	3.000000E+0
7.703469E+2	1.000000E+0
7.703596E+2	1.000000E+0
7.703723E+2	1.000000E+0
7.703849E+2	6.000000E+0
7.703976E+2	0.000000E+0
7.704103E+2	0.000000E+0
7.704230E+2	3.000000E+0
7.704356E+2	4.000000E+0
7.704483E+2	1.000000E+0
7.704610E+2	2.000000E+0
7.704736E+2	-3.000000E+0
7.704863E+2	3.000000E+0
7.704990E+2	2.000000E+0
7.705117E+2	3.000000E+0
7.705244E+2	3.000000E+0
7.705370E+2	1.000000E+0
7.705497E+2	-2.000000E+0
7.705624E+2	4.000000E+0
7.705751E+2	1.000000E+0
7.705878E+2	-1.000000E+0
7.706004E+2	2.000000E+0
7.706131E+2	2.000000E+0
7.706258E+2	2.000000E+0
7.706384E+2	-2.000000E+0
7.706511E+2	4.000000E+0
7.706638E+2	-1.000000E+0
7.706765E+2	4.000000E+0
7.706891E+2	-3.000000E+0
7.707018E+2	1.000000E+0
7.707145E+2	-1.000000E+0
7.707272E+2	2.000000E+0
7.707398E+2	2.000000E+0
7.707525E+2	3.000000E+0
7.707652E+2	0.000000E+0
7.707778E+2	-1.000000E+0
7.707905E+2	-2.000000E+0
7.708032E+2	1.000000E+0
7.708159E+2	-4.000000E+0
7.708286E+2	1.000000E+0
7.708412E+2	-3.000000E+0
7.708539E+2	-1.000000E+0
7.708666E+2	5.000000E+0
7.708792E+2	0.000000E+0
7.708919E+2	-1.000000E+0
7.709046E+2	3.000000E+0
7.709172E+2	1.000000E+0
7.709299E+2	3.000000E+0
7.709426E+2	1.000000E+0
7.709553E+2	2.000000E+0
7.709680E+2	3.000000E+0
7.709807E+2	0.000000E+0
7.709933E+2	-3.000000E+0
7.710060E+2	1.000000E+0
7.710186E+2	2.000000E+0
7.710313E+2	6.000000E+0
7.710440E+2	-3.000000E+0
7.710566E+2	2.000000E+0
7.710693E+2	4.000000E+0
7.710820E+2	2.000000E+0
7.710947E+2	4.000000E+0
7.711074E+2	2.000000E+0
7.711200E+2	6.000000E+0
7.711327E+2	1.000000E+0
7.711453E+2	1.000000E+0
7.711580E+2	-2.000000E+0
7.711707E+2	1.000000E+0
7.711833E+2	5.000000E+0
7.711960E+2	5.000000E+0
7.712087E+2	3.000000E+0
7.712214E+2	2.000000E+0
7.712341E+2	3.000000E+0
7.712467E+2	0.000000E+0
7.712594E+2	-1.000000E+0
7.712720E+2	1.000000E+0
7.712847E+2	0.000000E+0
7.712974E+2	-1.000000E+0
7.713101E+2	-2.000000E+0
7.713228E+2	1.000000E+0
7.713354E+2	6.000000E+0
7.713481E+2	-2.000000E+0
7.713608E+2	-1.000000E+0
7.713734E+2	-1.000000E+0
7.713861E+2	1.000000E+0
7.713987E+2	3.000000E+0
7.714114E+2	-2.000000E+0
7.714241E+2	1.000000E+0
7.714368E+2	3.000000E+0
7.714495E+2	3.000000E+0
7.714621E+2	-2.000000E+0
7.714748E+2	0.000000E+0
7.714874E+2	3.000000E+0
7.715001E+2	2.000000E+0
7.715128E+2	2.000000E+0
7.715255E+2	2.000000E+0
7.715381E+2	-2.000000E+0
7.715508E+2	-2.000000E+0
7.715635E+2	4.000000E+0
7.715761E+2	2.000000E+0
7.715888E+2	0.000000E+0
7.716014E+2	-1.000000E+0
7.716141E+2	-1.000000E+0
7.716268E+2	5.000000E+0
7.716395E+2	1.000000E+0
7.716522E+2	0.000000E+0
7.716648E+2	-6.000000E+0
7.716775E+2	-3.000000E+0
7.716901E+2	5.000000E+0
7.717028E+2	0.000000E+0
7.717155E+2	1.000000E+0
7.717281E+2	4.000000E+0
7.717408E+2	-2.000000E+0
7.717535E+2	-2.000000E+0
7.717661E+2	-2.000000E+0
7.717788E+2	-1.000000E+0
7.717915E+2	-1.000000E+0
7.718041E+2	-3.000000E+0
7.718168E+2	0.000000E+0
7.718295E+2	-2.000000E+0
7.718422E+2	-2.000000E+0
7.718548E+2	1.000000E+0
7.718675E+2	3.000000E+0
7.718801E+2	6.000000E+0
7.718928E+2	-5.000000E+0
7.719055E+2	1.000000E+0
7.719182E+2	2.000000E+0
7.719308E+2	1.000000E+0
7.719435E+2	2.000000E+0
7.719561E+2	0.000000E+0
7.719688E+2	3.000000E+0
7.719814E+2	0.000000E+0
7.719941E+2	-2.000000E+0
7.720068E+2	-3.000000E+0
7.720195E+2	1.000000E+0
7.720321E+2	2.000000E+0
7.720448E+2	-2.000000E+0
7.720574E+2	2.000000E+0
7.720701E+2	0.000000E+0
7.720828E+2	1.000000E+0
7.720955E+2	3.000000E+0
7.721081E+2	0.000000E+0
7.721208E+2	0.000000E+0
7.721334E+2	2.000000E+0
7.721461E+2	-1.000000E+0
7.721588E+2	2.000000E+0
7.721714E+2	3.000000E+0
7.721841E+2	6.000000E+0
7.721968E+2	-1.000000E+0
7.722094E+2	0.000000E+0
7.722221E+2	1.000000E+0
7.722347E+2	-1.000000E+0
7.722474E+2	1.000000E+0
7.722601E+2	6.000000E+0
7.722728E+2	1.000000E+0
7.722854E+2	4.000000E+0
7.722981E+2	-5.000000E+0
7.723107E+2	5.000000E+0
7.723234E+2	-1.000000E+0
7.723361E+2	-2.000000E+0
7.723488E+2	3.000000E+0
7.723614E+2	2.000000E+0
7.723741E+2	3.000000E+0
7.723867E+2	4.000000E+0
7.723994E+2	1.000000E+0
7.724120E+2	-4.000000E+0
7.724247E+2	1.000000E+0
7.724374E+2	5.000000E+0
7.724500E+2	3.000000E+0
7.724627E+2	-1.000000E+0
7.724753E+2	2.000000E+0
7.724880E+2	-2.000000E+0
7.725007E+2	1.000000E+0
7.725134E+2	0.000000E+0
7.725260E+2	2.000000E+0
7.725387E+2	1.000000E+0
7.725513E+2	3.000000E+0
7.725640E+2	2.000000E+0
7.725767E+2	5.000000E+0
7.725893E+2	1.000000E+0
7.726020E+2	0.000000E+0
7.726146E+2	0.000000E+0
7.726273E+2	4.000000E+0
7.726400E+2	2.000000E+0
7.726526E+2	1.000000E+0
7.726653E+2	3.000000E+0
7.726779E+2	6.000000E+0
7.726906E+2	3.000000E+0
7.727032E+2	2.000000E+0
7.727159E+2	-3.000000E+0
7.727286E+2	3.000000E+0
7.727413E+2	-1.000000E+0
7.727539E+2	4.000000E+0
7.727665E+2	1.000000E+0
7.727792E+2	-2.000000E+0
7.727919E+2	7.000000E+0
7.728046E+2	-1.000000E+0
7.728172E+2	2.000000E+0
7.728299E+2	1.000000E+0
7.728425E+2	2.000000E+0
7.728552E+2	3.000000E+0
7.728679E+2	3.000000E+0
7.728805E+2	1.000000E+0
7.728932E+2	0.000000E+0
7.729058E+2	4.000000E+0
7.729185E+2	5.000000E+0
7.729312E+2	3.000000E+0
7.729438E+2	5.000000E+0
7.729565E+2	-2.000000E+0
7.729691E+2	1.000000E+0
7.729818E+2	2.000000E+0
7.729944E+2	3.000000E+0
7.730071E+2	0.000000E+0
7.730198E+2	4.000000E+0
7.730324E+2	4.000000E+0
7.730450E+2	3.000000E+0
7.730577E+2	3.000000E+0
7.730704E+2	1.000000E+0
7.730831E+2	0.000000E+0
7.730957E+2	2.000000E+0
7.731083E+2	2.000000E+0
7.731210E+2	4.000000E+0
7.731337E+2	1.000000E+0
7.731464E+2	7.000000E+0
7.731590E+2	1.000000E+0
7.731716E+2	5.000000E+0
7.731843E+2	1.000000E+0
7.731970E+2	8.000000E+0
7.732096E+2	-1.000000E+0
7.732223E+2	2.000000E+0
7.732349E+2	2.000000E+0
7.732476E+2	1.000000E+0
7.732603E+2	3.000000E+0
7.732729E+2	1.000000E+0
7.732856E+2	0.000000E+0
7.732982E+2	5.000000E+0
7.733109E+2	3.000000E+0
7.733235E+2	2.000000E+0
7.733362E+2	1.000000E+0
7.733488E+2	1.000000E+0
7.733615E+2	3.000000E+0
7.733741E+2	5.000000E+0
7.733868E+2	-1.000000E+0
7.733995E+2	5.000000E+0
7.734121E+2	4.000000E+0
7.734248E+2	2.000000E+0
7.734374E+2	0.000000E+0
7.734501E+2	2.000000E+0
7.734628E+2	-1.000000E+0
7.734754E+2	-4.000000E+0
7.734880E+2	2.000000E+0
7.735007E+2	8.000000E+0
7.735134E+2	-1.000000E+0
7.735260E+2	-3.000000E+0
7.735387E+2	-2.000000E+0
7.735513E+2	3.000000E+0
7.735640E+2	1.000000E+0
7.735767E+2	6.000000E+0
7.735893E+2	-4.000000E+0
7.736019E+2	1.000000E+0
7.736146E+2	2.000000E+0
7.736273E+2	1.000000E+0
7.736399E+2	0.000000E+0
7.736526E+2	3.000000E+0
7.736652E+2	3.000000E+0
7.736779E+2	2.000000E+0
7.736906E+2	1.000000E+0
7.737032E+2	3.000000E+0
7.737158E+2	1.000000E+0
7.737285E+2	6.000000E+0
7.737411E+2	0.000000E+0
7.737538E+2	5.000000E+0
7.737665E+2	-2.000000E+0
7.737791E+2	-1.000000E+0
7.737917E+2	3.000000E+0
7.738044E+2	2.000000E+0
7.738171E+2	-6.000000E+0
7.738297E+2	2.000000E+0
7.738423E+2	1.000000E+0
7.738550E+2	0.000000E+0
7.738677E+2	-1.000000E+0
7.738803E+2	2.000000E+0
7.738930E+2	2.000000E+0
7.739056E+2	3.000000E+0
7.739183E+2	3.000000E+0
7.739310E+2	-2.000000E+0
7.739436E+2	-1.000000E+0
7.739562E+2	3.000000E+0
7.739689E+2	7.000000E+0
7.739816E+2	2.000000E+0
7.739942E+2	1.000000E+0
7.740068E+2	4.000000E+0
7.740195E+2	3.000000E+0
7.740322E+2	5.000000E+0
7.740448E+2	1.500000E+1
7.740574E+2	2.400000E+1
7.740701E+2	2.900000E+1
7.740828E+2	2.100000E+1
7.740954E+2	1.400000E+1
7.741080E+2	1.100000E+1
7.741207E+2	4.000000E+0
7.741334E+2	7.000000E+0
7.741460E+2	6.000000E+0
7.741587E+2	-3.000000E+0
7.741713E+2	1.000000E+0
7.741840E+2	-1.000000E+0
7.741966E+2	-1.000000E+0
7.742093E+2	2.000000E+0
7.742219E+2	0.000000E+0
7.742346E+2	2.000000E+0
7.742472E+2	2.000000E+0
7.742599E+2	1.000000E+0
7.742725E+2	1.000000E+0
7.742852E+2	1.000000E+0
7.742978E+2	-1.000000E+0
7.743105E+2	0.000000E+0
7.743231E+2	3.000000E+0
7.743358E+2	5.000000E+0
7.743484E+2	2.000000E+0
7.743611E+2	-2.000000E+0
7.743737E+2	6.000000E+0
7.743864E+2	0.000000E+0
7.743990E+2	5.000000E+0
7.744117E+2	5.000000E+0
7.744243E+2	5.000000E+0
7.744370E+2	3.000000E+0
7.744496E+2	1.000000E+0
7.744623E+2	3.000000E+0
7.744749E+2	0.000000E+0
7.744875E+2	-6.000000E+0
7.745002E+2	6.000000E+0
7.745129E+2	-2.000000E+0
7.745255E+2	3.000000E+0
7.745381E+2	1.000000E+0
7.745508E+2	5.000000E+0
7.745634E+2	5.000000E+0
7.745761E+2	1.000000E+0
7.745887E+2	0.000000E+0
7.746014E+2	4.000000E+0
7.746140E+2	1.000000E+0
7.746267E+2	-2.000000E+0
7.746393E+2	2.000000E+0
7.746520E+2	-4.000000E+0
7.746646E+2	6.000000E+0
7.746772E+2	1.000000E+0
7.746899E+2	2.000000E+0
7.747026E+2	4.000000E+0
7.747152E+2	4.000000E+0
7.747278E+2	-1.000000E+0
7.747405E+2	1.000000E+0
7.747532E+2	2.000000E+0
7.747658E+2	-1.000000E+0
7.747784E+2	2.000000E+0
7.747911E+2	-1.000000E+0
7.748037E+2	-3.000000E+0
7.748164E+2	0.000000E+0
7.748290E+2	2.000000E+0
7.748417E+2	-4.000000E+0
7.748543E+2	-1.000000E+0
7.748669E+2	2.000000E+0
7.748796E+2	0.000000E+0
7.748923E+2	3.000000E+0
7.749049E+2	-3.000000E+0
7.749175E+2	2.000000E+0
7.749302E+2	-4.000000E+0
7.749428E+2	2.000000E+0
7.749555E+2	1.000000E+0
7.749681E+2	0.000000E+0
7.749808E+2	-1.000000E+0
7.749934E+2	2.000000E+0
7.750060E+2	0.000000E+0
7.750187E+2	1.000000E+0
7.750314E+2	-1.000000E+0
7.750440E+2	-1.000000E+0
7.750566E+2	3.000000E+0
7.750693E+2	0.000000E+0
7.750819E+2	3.000000E+0
7.750946E+2	2.000000E+0
7.751072E+2	4.000000E+0
7.751199E+2	2.000000E+0
7.751325E+2	-3.000000E+0
7.751451E+2	4.000000E+0
7.751578E+2	2.000000E+0
7.751705E+2	1.000000E+0
7.751831E+2	1.000000E+0
7.751957E+2	6.000000E+0
7.752084E+2	2.000000E+0
7.752210E+2	1.000000E+0
7.752336E+2	-1.000000E+0
7.752463E+2	1.000000E+0
7.752590E+2	4.000000E+0
7.752716E+2	0.000000E+0
7.752842E+2	1.000000E+0
7.752969E+2	2.000000E+0
7.753095E+2	1.000000E+0
7.753221E+2	5.000000E+0
7.753348E+2	-2.000000E+0
7.753475E+2	1.000000E+0
7.753601E+2	-1.000000E+0
7.753727E+2	1.000000E+0
7.753854E+2	7.000000E+0
7.753980E+2	1.000000E+0
7.754106E+2	1.000000E+0
7.754233E+2	4.000000E+0
7.754359E+2	-1.000000E+0
7.754486E+2	1.000000E+0
7.754612E+2	2.000000E+0
7.754739E+2	1.000000E+0
7.754865E+2	8.000000E+0
7.754991E+2	5.000000E+0
7.755118E+2	6.000000E+0
7.755244E+2	5.000000E+0
7.755370E+2	6.000000E+0
7.755497E+2	7.000000E+0
7.755624E+2	1.000000E+1
7.755750E+2	3.000000E+0
7.755876E+2	2.000000E+0
7.756003E+2	5.000000E+0
7.756129E+2	3.000000E+0
7.756255E+2	0.000000E+0
7.756382E+2	3.000000E+0
7.756508E+2	-1.000000E+0
7.756635E+2	3.000000E+0
7.756761E+2	2.000000E+0
7.756888E+2	-1.000000E+0
7.757014E+2	1.000000E+0
7.757141E+2	5.000000E+0
7.757267E+2	3.000000E+0
7.757393E+2	2.000000E+0
7.757520E+2	5.000000E+0
7.757646E+2	-1.000000E+0
7.757772E+2	8.000000E+0
7.757899E+2	1.000000E+0
7.758025E+2	4.000000E+0
7.758152E+2	3.000000E+0
7.758278E+2	5.000000E+0
7.758405E+2	-4.000000E+0
7.758531E+2	6.000000E+0
7.758657E+2	2.000000E+0
7.758784E+2	4.000000E+0
7.758910E+2	3.000000E+0
7.759036E+2	-4.000000E+0
7.759163E+2	6.000000E+0
7.759289E+2	2.000000E+0
7.759415E+2	4.000000E+0
7.759542E+2	1.000000E+1
7.759668E+2	8.000000E+0
7.759794E+2	1.600000E+1
7.759921E+2	1.000000E+1
7.760048E+2	5.000000E+0
7.760174E+2	3.000000E+0
7.760300E+2	6.000000E+0
7.760427E+2	3.000000E+0
7.760553E+2	2.000000E+0
7.760679E+2	3.000000E+0
7.760806E+2	0.000000E+0
7.760932E+2	3.000000E+0
7.761058E+2	3.000000E+0
7.761185E+2	3.000000E+0
7.761311E+2	0.000000E+0
7.761437E+2	0.000000E+0
7.761564E+2	6.000000E+0
7.761690E+2	2.000000E+0
7.761816E+2	-2.000000E+0
7.761943E+2	-1.000000E+0
7.762069E+2	4.000000E+0
7.762195E+2	4.000000E+0
7.762322E+2	-5.000000E+0
7.762448E+2	4.000000E+0
7.762574E+2	-3.000000E+0
7.762701E+2	-1.000000E+0
7.762828E+2	-1.000000E+0
7.762954E+2	1.000000E+0
7.763080E+2	2.000000E+0
7.763207E+2	-1.000000E+0
7.763333E+2	1.000000E+0
7.763459E+2	0.000000E+0
7.763586E+2	7.000000E+0
7.763712E+2	1.000000E+0
7.763839E+2	-5.000000E+0
7.763965E+2	5.000000E+0
7.764091E+2	2.000000E+0
7.764218E+2	3.000000E+0
7.764344E+2	1.000000E+0
7.764470E+2	-4.000000E+0
7.764597E+2	1.000000E+0
7.764723E+2	3.000000E+0
7.764849E+2	-1.000000E+0
7.764976E+2	1.000000E+0
7.765102E+2	3.000000E+0
7.765228E+2	0.000000E+0
7.765355E+2	-2.000000E+0
7.765481E+2	-2.000000E+0
7.765607E+2	0.000000E+0
7.765734E+2	0.000000E+0
7.765860E+2	5.000000E+0
7.765986E+2	3.000000E+0
7.766113E+2	-2.000000E+0
7.766239E+2	1.000000E+0
7.766365E+2	1.000000E+0
7.766492E+2	2.000000E+0
7.766618E+2	-2.000000E+0
7.766744E+2	3.000000E+0
7.766871E+2	1.000000E+0
7.766997E+2	0.000000E+0
7.767123E+2	2.000000E+0
7.767250E+2	0.000000E+0
7.767376E+2	1.000000E+0
7.767502E+2	5.000000E+0
7.767629E+2	-3.000000E+0
7.767755E+2	1.000000E+0
7.767881E+2	2.000000E+0
7.768007E+2	0.000000E+0
7.768134E+2	2.000000E+0
7.768260E+2	1.000000E+0
7.768386E+2	1.000000E+0
7.768513E+2	4.000000E+0
7.768639E+2	-2.000000E+0
7.768765E+2	-2.000000E+0
7.768892E+2	2.000000E+0
7.769018E+2	0.000000E+0
7.769144E+2	3.000000E+0
7.769271E+2	4.000000E+0
7.769397E+2	1.000000E+0
7.769523E+2	1.000000E+0
7.769650E+2	2.000000E+0
7.769776E+2	2.000000E+0
7.769902E+2	0.000000E+0
7.770029E+2	1.000000E+0
7.770155E+2	2.000000E+0
7.770281E+2	4.000000E+0
7.770408E+2	3.000000E+0
7.770534E+2	0.000000E+0
7.770660E+2	4.000000E+0
7.770786E+2	-1.000000E+0
7.770912E+2	-1.000000E+0
7.771039E+2	0.000000E+0
7.771165E+2	0.000000E+0
7.771292E+2	4.000000E+0
7.771418E+2	2.000000E+0
7.771544E+2	1.000000E+0
7.771671E+2	6.000000E+0
7.771797E+2	2.900000E+1
7.771923E+2	9.500000E+1
7.772050E+2	1.290000E+2
7.772176E+2	1.420000E+2
7.772302E+2	1.450000E+2
7.772428E+2	1.180000E+2
7.772554E+2	6.900000E+1
7.772681E+2	4.200000E+1
7.772807E+2	2.200000E+1
7.772933E+2	1.500000E+1
7.773060E+2	1.500000E+1
7.773186E+2	4.000000E+0
7.773312E+2	6.000000E+0
7.773439E+2	7.000000E+0
7.773565E+2	-4.000000E+0
7.773691E+2	2.000000E+0
7.773817E+2	5.000000E+0
7.773943E+2	4.000000E+0
7.774070E+2	0.000000E+0
7.774196E+2	5.000000E+0
7.774323E+2	4.000000E+0
7.774449E+2	5.000000E+0
7.774575E+2	4.000000E+0
7.774702E+2	2.000000E+0
7.774828E+2	1.000000E+0
7.774954E+2	6.000000E+0
7.775080E+2	4.000000E+0
7.775206E+2	5.000000E+0
7.775333E+2	-1.000000E+0
7.775459E+2	0.000000E+0
7.775585E+2	0.000000E+0
7.775712E+2	0.000000E+0
7.775838E+2	9.000000E+0
7.775964E+2	3.000000E+0
7.776090E+2	2.000000E+0
7.776216E+2	4.000000E+0
7.776343E+2	3.000000E+0
7.776469E+2	2.000000E+0
7.776595E+2	2.000000E+0
7.776722E+2	4.000000E+0
7.776848E+2	4.000000E+0
7.776974E+2	3.000000E+0
7.777100E+2	0.000000E+0
7.777227E+2	-2.000000E+0
7.777353E+2	5.000000E+0
7.777479E+2	-3.000000E+0
7.777606E+2	5.000000E+0
7.777732E+2	3.000000E+0
7.777858E+2	4.000000E+0
7.777984E+2	-2.000000E+0
7.778110E+2	-2.000000E+0
7.778237E+2	1.000000E+0
7.778363E+2	5.000000E+0
7.778489E+2	5.000000E+0
7.778616E+2	-1.000000E+0
7.778742E+2	9.000000E+0
7.778868E+2	1.000000E+0
7.778994E+2	0.000000E+0
7.779120E+2	5.000000E+0
7.779247E+2	5.000000E+0
7.779373E+2	-1.000000E+0
7.779500E+2	2.000000E+0
7.779625E+2	0.000000E+0
7.779752E+2	5.000000E+0
7.779878E+2	4.000000E+0
7.780004E+2	1.000000E+0
7.780131E+2	5.000000E+0
7.780257E+2	6.000000E+0
7.780383E+2	2.000000E+0
7.780509E+2	1.100000E+1
7.780635E+2	1.000000E+1
7.780762E+2	2.000000E+0
7.780888E+2	0.000000E+0
7.781014E+2	3.000000E+0
7.781140E+2	5.000000E+0
7.781266E+2	4.000000E+0
7.781393E+2	3.000000E+0
7.781519E+2	4.000000E+0
7.781646E+2	5.000000E+0
7.781771E+2	1.000000E+1
7.781898E+2	1.900000E+1
7.782024E+2	6.500000E+1
7.782150E+2	1.940000E+2
7.782277E+2	3.270000E+2
7.782402E+2	3.910000E+2
7.782529E+2	3.760000E+2
7.782655E+2	3.000000E+2
7.782781E+2	1.930000E+2
7.782908E+2	1.190000E+2
7.783033E+2	6.600000E+1
7.783160E+2	3.000000E+1
7.783286E+2	1.900000E+1
7.783412E+2	1.300000E+1
7.783539E+2	5.000000E+0
7.783665E+2	5.000000E+0
7.783791E+2	1.300000E+1
7.783917E+2	9.000000E+0
7.784044E+2	9.000000E+0
7.784170E+2	1.900000E+1
7.784296E+2	4.500000E+1
7.784422E+2	7.000000E+1
7.784548E+2	6.000000E+1
7.784675E+2	6.600000E+1
7.784800E+2	5.100000E+1
7.784927E+2	3.800000E+1
7.785053E+2	3.400000E+1
7.785179E+2	2.200000E+1
7.785305E+2	2.500000E+1
7.785432E+2	1.500000E+1
7.785558E+2	1.900000E+1
7.785684E+2	1.500000E+1
7.785811E+2	1.100000E+1
7.785936E+2	9.000000E+0
7.786063E+2	7.000000E+0
7.786189E+2	7.000000E+0
7.786315E+2	7.000000E+0
7.786441E+2	6.000000E+0
7.786567E+2	5.000000E+0
7.786694E+2	1.100000E+1
7.786820E+2	9.000000E+0
7.786946E+2	9.000000E+0
7.787072E+2	8.000000E+0
7.787198E+2	6.000000E+0
7.787325E+2	9.000000E+0
7.787451E+2	1.600000E+1
7.787577E+2	1.800000E+1
7.787703E+2	3.500000E+1
7.787830E+2	3.700000E+1
7.787955E+2	4.000000E+1
7.788082E+2	3.600000E+1
7.788208E+2	3.200000E+1
7.788334E+2	2.900000E+1
7.788460E+2	1.500000E+1
7.788586E+2	3.000000E+0
7.788713E+2	5.000000E+0
7.788839E+2	9.000000E+0
7.788965E+2	-1.000000E+0
7.789091E+2	4.000000E+0
7.789218E+2	3.000000E+0
7.789343E+2	5.000000E+0
7.789470E+2	7.000000E+0
7.789596E+2	3.000000E+0
7.789722E+2	9.000000E+0
7.789848E+2	9.000000E+0
7.789974E+2	4.000000E+0
7.790101E+2	6.000000E+0
7.790226E+2	6.000000E+0
7.790353E+2	5.000000E+0
7.790479E+2	5.000000E+0
7.790605E+2	2.000000E+0
7.790731E+2	2.000000E+0
7.790858E+2	5.000000E+0
7.790984E+2	4.000000E+0
7.791110E+2	-1.000000E+0
7.791236E+2	4.000000E+0
7.791362E+2	-1.000000E+0
7.791488E+2	1.000000E+0
7.791614E+2	5.000000E+0
7.791741E+2	0.000000E+0
7.791866E+2	4.000000E+0
7.791993E+2	4.000000E+0
7.792119E+2	2.000000E+0
7.792245E+2	1.000000E+0
7.792371E+2	2.000000E+0
7.792498E+2	6.000000E+0
7.792624E+2	7.000000E+0
7.792750E+2	7.000000E+0
7.792876E+2	1.000000E+0
7.793002E+2	3.000000E+0
7.793128E+2	9.000000E+0
7.793254E+2	5.000000E+0
7.793381E+2	5.000000E+0
7.793506E+2	3.000000E+0
7.793633E+2	6.000000E+0
7.793759E+2	3.000000E+0
7.793885E+2	7.000000E+0
7.794011E+2	5.000000E+0
7.794138E+2	8.000000E+0
7.794263E+2	6.000000E+0
7.794390E+2	5.000000E+0
7.794516E+2	5.000000E+0
7.794642E+2	8.000000E+0
7.794768E+2	2.000000E+0
7.794894E+2	3.000000E+0
7.795020E+2	5.000000E+0
7.795146E+2	3.000000E+0
7.795273E+2	0.000000E+0
7.795399E+2	1.000000E+0
7.795525E+2	-3.000000E+0
7.795651E+2	-1.000000E+0
7.795777E+2	8.000000E+0
7.795903E+2	2.000000E+0
7.796030E+2	3.000000E+0
7.796155E+2	-1.000000E+0
7.796282E+2	0.000000E+0
7.796407E+2	-1.000000E+0
7.796534E+2	6.000000E+0
7.796660E+2	-2.000000E+0
7.796786E+2	4.000000E+0
7.796912E+2	2.000000E+0
7.797039E+2	4.000000E+0
7.797164E+2	4.000000E+0
7.797291E+2	-3.000000E+0
7.797417E+2	3.000000E+0
7.797543E+2	4.000000E+0
7.797669E+2	-2.000000E+0
7.797795E+2	1.000000E+0
7.797921E+2	-5.000000E+0
7.798047E+2	-1.000000E+0
7.798173E+2	-2.000000E+0
7.798300E+2	3.000000E+0
7.798426E+2	0.000000E+0
7.798552E+2	0.000000E+0
7.798678E+2	4.000000E+0
7.798804E+2	3.000000E+0
7.798930E+2	-2.000000E+0
7.799056E+2	1.000000E+0
7.799182E+2	3.000000E+0
7.799308E+2	3.000000E+0
7.799434E+2	2.000000E+0
7.799561E+2	1.000000E+0
7.799687E+2	-1.000000E+0
7.799813E+2	2.000000E+0
7.799939E+2	1.000000E+0
7.800065E+2	0.000000E+0
7.800191E+2	-2.000000E+0
7.800317E+2	-3.000000E+0
7.800443E+2	1.000000E+0
7.800569E+2	-3.000000E+0
7.800695E+2	5.000000E+0
7.800822E+2	2.000000E+0
7.800948E+2	3.000000E+0
7.801074E+2	-1.000000E+0
7.801200E+2	-1.000000E+0
7.801326E+2	1.000000E+0
7.801452E+2	-4.000000E+0
7.801578E+2	1.000000E+0
7.801704E+2	4.000000E+0
7.801830E+2	-2.000000E+0
7.801956E+2	-2.000000E+0
7.802083E+2	-3.000000E+0
7.802208E+2	3.000000E+0
7.802335E+2	3.000000E+0
7.802460E+2	2.000000E+0
7.802587E+2	-1.000000E+0
7.802713E+2	1.000000E+0
7.802839E+2	-1.000000E+0
7.802965E+2	2.000000E+0
7.803091E+2	-1.000000E+0
7.803217E+2	1.000000E+0
7.803343E+2	1.000000E+0
7.803469E+2	0.000000E+0
7.803596E+2	4.000000E+0
7.803721E+2	0.000000E+0
7.803848E+2	2.000000E+0
7.803973E+2	-2.000000E+0
7.804100E+2	4.000000E+0
7.804225E+2	3.000000E+0
7.804352E+2	0.000000E+0
7.804478E+2	1.000000E+0
7.804604E+2	-1.000000E+0
7.804730E+2	2.000000E+0
7.804856E+2	-3.000000E+0
7.804982E+2	0.000000E+0
7.805108E+2	4.000000E+0
7.805234E+2	0.000000E+0
7.805360E+2	4.000000E+0
7.805486E+2	2.000000E+0
7.805612E+2	0.000000E+0
7.805739E+2	-5.000000E+0
7.805864E+2	0.000000E+0
7.805991E+2	3.000000E+0
7.806116E+2	0.000000E+0
7.806243E+2	0.000000E+0
7.806368E+2	0.000000E+0
7.806495E+2	-1.000000E+0
7.806620E+2	0.000000E+0
7.806747E+2	1.000000E+0
7.806873E+2	0.000000E+0
7.806999E+2	-1.000000E+0
7.807125E+2	4.000000E+0
7.807251E+2	0.000000E+0
7.807377E+2	0.000000E+0
7.807503E+2	-1.000000E+0
7.807629E+2	4.000000E+0
7.807755E+2	-3.000000E+0
7.807881E+2	0.000000E+0
7.808007E+2	0.000000E+0
7.808134E+2	3.000000E+0
7.808259E+2	5.000000E+0
7.808386E+2	-2.000000E+0
7.808511E+2	1.000000E+0
7.808638E+2	2.000000E+0
7.808763E+2	2.000000E+0
7.808890E+2	2.000000E+0
7.809016E+2	2.000000E+0
7.809142E+2	4.000000E+0
7.809268E+2	0.000000E+0
7.809393E+2	1.000000E+0
7.809520E+2	-2.000000E+0
7.809645E+2	-2.000000E+0
7.809772E+2	1.000000E+0
7.809897E+2	6.000000E+0
7.810024E+2	4.000000E+0
7.810150E+2	4.000000E+0
7.810276E+2	3.000000E+0
7.810402E+2	-1.000000E+0
7.810528E+2	1.000000E+0
7.810654E+2	8.000000E+0
7.810780E+2	3.000000E+0
7.810906E+2	-3.000000E+0
7.811032E+2	4.000000E+0
7.811158E+2	2.000000E+0
7.811284E+2	2.000000E+0
7.811410E+2	0.000000E+0
7.811536E+2	5.000000E+0
7.811662E+2	-1.000000E+0
7.811788E+2	-1.000000E+0
7.811914E+2	-1.000000E+0
7.812040E+2	4.000000E+0
7.812166E+2	-2.000000E+0
7.812292E+2	0.000000E+0
7.812418E+2	2.000000E+0
7.812544E+2	2.000000E+0
7.812670E+2	-2.000000E+0
7.812796E+2	-1.000000E+0
7.812922E+2	4.000000E+0
7.813048E+2	4.000000E+0
7.813174E+2	0.000000E+0
7.813300E+2	4.000000E+0
7.813426E+2	0.000000E+0
7.813552E+2	0.000000E+0
7.813678E+2	6.000000E+0
7.813804E+2	1.000000E+0
7.813930E+2	5.000000E+0
7.814056E+2	1.000000E+0
7.814182E+2	3.000000E+0
7.814308E+2	1.000000E+0
7.814434E+2	1.000000E+0
7.814560E+2	0.000000E+0
7.814686E+2	8.000000E+0
7.814812E+2	-5.000000E+0
7.814938E+2	2.000000E+0
7.815064E+2	2.000000E+0
7.815190E+2	1.000000E+0
7.815316E+2	2.000000E+0
7.815442E+2	0.000000E+0
7.815568E+2	-1.000000E+0
7.815694E+2	5.000000E+0
7.815820E+2	0.000000E+0
7.815946E+2	6.000000E+0
7.816072E+2	0.000000E+0
7.816198E+2	-1.000000E+0
7.816324E+2	2.000000E+0
7.816450E+2	-1.000000E+0
7.816576E+2	0.000000E+0
7.816702E+2	-2.000000E+0
7.816828E+2	-2.000000E+0
7.816954E+2	-1.000000E+0
7.817079E+2	2.000000E+0
7.817206E+2	-3.000000E+0
7.817332E+2	2.000000E+0
7.817458E+2	2.000000E+0
7.817584E+2	2.000000E+0
7.817709E+2	-1.000000E+0
7.817836E+2	4.000000E+0
7.817961E+2	1.000000E+0
7.818088E+2	-1.000000E+0
7.818214E+2	-3.000000E+0
7.818339E+2	0.000000E+0
7.818466E+2	7.000000E+0
7.818591E+2	-1.000000E+0
7.818717E+2	0.000000E+0
7.818843E+2	2.000000E+0
7.818969E+2	5.000000E+0
7.819095E+2	1.000000E+0
7.819221E+2	-3.000000E+0
7.819347E+2	3.000000E+0
7.819473E+2	4.000000E+0
7.819599E+2	2.000000E+0
7.819725E+2	0.000000E+0
7.819851E+2	1.000000E+0
7.819977E+2	-3.000000E+0
7.820103E+2	0.000000E+0
7.820229E+2	0.000000E+0
7.820355E+2	0.000000E+0
7.820481E+2	1.000000E+0
7.820607E+2	0.000000E+0
7.820732E+2	-1.000000E+0
7.820859E+2	3.000000E+0
7.820984E+2	2.000000E+0
7.821110E+2	3.000000E+0
7.821237E+2	4.000000E+0
7.821362E+2	2.000000E+0
7.821488E+2	0.000000E+0
7.821614E+2	7.000000E+0
7.821740E+2	-2.000000E+0
7.821866E+2	8.000000E+0
7.821992E+2	-3.000000E+0
7.822118E+2	1.000000E+0
7.822244E+2	1.000000E+0
7.822370E+2	4.000000E+0
7.822496E+2	-2.000000E+0
7.822621E+2	6.000000E+0
7.822748E+2	3.000000E+0
7.822874E+2	-3.000000E+0
7.822999E+2	2.000000E+0
7.823126E+2	2.000000E+0
7.823251E+2	0.000000E+0
7.823377E+2	-2.000000E+0
7.823503E+2	2.000000E+0
7.823629E+2	1.000000E+0
7.823755E+2	1.000000E+0
7.823881E+2	1.000000E+0
7.824007E+2	2.000000E+0
7.824133E+2	0.000000E+0
7.824259E+2	-1.000000E+0
7.824385E+2	1.000000E+0
7.824510E+2	-1.000000E+0
7.824637E+2	2.000000E+0
7.824763E+2	4.000000E+0
7.824888E+2	1.000000E+0
7.825014E+2	0.000000E+0
7.825140E+2	3.000000E+0
7.825266E+2	-3.000000E+0
7.825392E+2	-3.000000E+0
7.825518E+2	2.000000E+0
7.825644E+2	4.000000E+0
7.825770E+2	-1.000000E+0
7.825896E+2	3.000000E+0
7.826022E+2	2.000000E+0
7.826147E+2	-1.000000E+0
7.826273E+2	2.000000E+0
7.826400E+2	-3.000000E+0
7.826525E+2	2.000000E+0
7.826651E+2	5.000000E+0
7.826777E+2	-2.000000E+0
7.826903E+2	0.000000E+0
7.827029E+2	0.000000E+0
7.827155E+2	1.000000E+0
7.827281E+2	7.000000E+0
7.827407E+2	-4.000000E+0
7.827532E+2	1.000000E+0
7.827658E+2	2.000000E+0
7.827784E+2	-2.000000E+0
7.827910E+2	3.000000E+0
7.828036E+2	2.000000E+0
7.828162E+2	3.000000E+0
7.828288E+2	-2.000000E+0
7.828414E+2	2.000000E+0
7.828539E+2	4.000000E+0
7.828666E+2	-1.000000E+0
7.828792E+2	1.000000E+0
7.828917E+2	1.000000E+0
7.829043E+2	5.000000E+0
7.829169E+2	-2.000000E+0
7.829295E+2	-5.000000E+0
7.829421E+2	5.000000E+0
7.829547E+2	0.000000E+0
7.829673E+2	2.000000E+0
7.829799E+2	2.000000E+0
7.829924E+2	2.000000E+0
7.830050E+2	4.000000E+0
7.830176E+2	6.000000E+0
7.830302E+2	1.000000E+0
7.830428E+2	4.000000E+0
7.830554E+2	0.000000E+0
7.830680E+2	5.000000E+0
7.830806E+2	2.000000E+0
7.830931E+2	4.000000E+0
7.831057E+2	-4.000000E+0
7.831183E+2	2.000000E+0
7.831309E+2	1.000000E+0
7.831435E+2	2.000000E+0
7.831561E+2	0.000000E+0
7.831686E+2	7.000000E+0
7.831813E+2	3.000000E+0
7.831938E+2	3.000000E+0
7.832064E+2	2.000000E+0
7.832190E+2	3.000000E+0
7.832316E+2	2.000000E+0
7.832442E+2	5.000000E+0
7.832568E+2	1.000000E+0
7.832693E+2	5.000000E+0
7.832819E+2	2.000000E+0
7.832945E+2	-5.000000E+0
7.833071E+2	-2.000000E+0
7.833197E+2	3.000000E+0
7.833323E+2	1.000000E+0
7.833448E+2	0.000000E+0
7.833574E+2	1.000000E+0
7.833701E+2	2.000000E+0
7.833826E+2	1.000000E+0
7.833952E+2	2.000000E+0
7.834078E+2	2.000000E+0
7.834203E+2	-2.000000E+0
7.834330E+2	2.000000E+0
7.834456E+2	1.000000E+0
7.834581E+2	7.000000E+0
7.834707E+2	1.000000E+0
7.834833E+2	6.000000E+0
7.834959E+2	6.000000E+0
7.835085E+2	2.000000E+0
7.835211E+2	1.000000E+0
7.835336E+2	0.000000E+0
7.835462E+2	-4.000000E+0
7.835588E+2	-2.000000E+0
7.835714E+2	3.000000E+0
7.835840E+2	5.000000E+0
7.835966E+2	2.000000E+0
7.836091E+2	-2.000000E+0
7.836217E+2	-1.000000E+0
7.836343E+2	2.000000E+0
7.836469E+2	-2.000000E+0
7.836595E+2	2.000000E+0
7.836721E+2	-3.000000E+0
7.836846E+2	5.000000E+0
7.836972E+2	0.000000E+0
7.837098E+2	3.000000E+0
7.837224E+2	2.000000E+0
7.837350E+2	2.000000E+0
7.837476E+2	2.000000E+0
7.837601E+2	1.000000E+0
7.837727E+2	4.000000E+0
7.837853E+2	-3.000000E+0
7.837979E+2	2.000000E+0
7.838105E+2	1.000000E+0
7.838231E+2	3.000000E+0
7.838356E+2	0.000000E+0
7.838482E+2	-2.000000E+0
7.838608E+2	-2.000000E+0
7.838734E+2	0.000000E+0
7.838860E+2	-2.000000E+0
7.838986E+2	1.000000E+0
7.839111E+2	3.000000E+0
7.839237E+2	1.000000E+0
7.839363E+2	2.000000E+0
7.839489E+2	0.000000E+0
7.839614E+2	2.000000E+0
7.839740E+2	2.000000E+0
7.839866E+2	-2.000000E+0
7.839992E+2	-1.000000E+0
7.840118E+2	-3.000000E+0
7.840244E+2	0.000000E+0
7.840369E+2	4.000000E+0
7.840495E+2	5.000000E+0
7.840621E+2	2.000000E+0
7.840746E+2	0.000000E+0
7.840873E+2	4.000000E+0
7.840999E+2	4.000000E+0
7.841124E+2	-1.000000E+0
7.841250E+2	0.000000E+0
7.841376E+2	3.000000E+0
7.841501E+2	7.000000E+0
7.841627E+2	-4.000000E+0
7.841753E+2	0.000000E+0
7.841879E+2	0.000000E+0
7.842004E+2	2.000000E+0
7.842131E+2	6.000000E+0
7.842256E+2	1.000000E+0
7.842382E+2	0.000000E+0
7.842508E+2	4.000000E+0
7.842634E+2	5.000000E+0
7.842759E+2	3.000000E+0
7.842885E+2	6.000000E+0
7.843011E+2	0.000000E+0
7.843137E+2	-3.000000E+0
7.843262E+2	1.000000E+0
7.843388E+2	0.000000E+0
7.843514E+2	1.000000E+0
7.843640E+2	-1.000000E+0
7.843766E+2	1.000000E+0
7.843892E+2	-1.000000E+0
7.844017E+2	5.000000E+0
7.844143E+2	3.000000E+0
7.844269E+2	-4.000000E+0
7.844395E+2	-4.000000E+0
7.844520E+2	-1.000000E+0
7.844646E+2	-1.000000E+0
7.844772E+2	4.000000E+0
7.844897E+2	1.000000E+0
7.845023E+2	-1.000000E+0
7.845149E+2	2.000000E+0
7.845275E+2	2.000000E+0
7.845401E+2	-1.000000E+0
7.845527E+2	1.000000E+0
7.845652E+2	2.000000E+0
7.845778E+2	3.000000E+0
7.845904E+2	2.000000E+0
7.846030E+2	3.000000E+0
7.846155E+2	2.000000E+0
7.846281E+2	6.000000E+0
7.846407E+2	6.000000E+0
7.846533E+2	1.000000E+0
7.846658E+2	3.000000E+0
7.846784E+2	0.000000E+0
7.846910E+2	-2.000000E+0
7.847036E+2	2.000000E+0
7.847161E+2	0.000000E+0
7.847287E+2	-4.000000E+0
7.847413E+2	0.000000E+0
7.847538E+2	-1.000000E+0
7.847664E+2	5.000000E+0
7.847790E+2	-3.000000E+0
7.847916E+2	-2.000000E+0
7.848041E+2	1.000000E+0
7.848167E+2	0.000000E+0
7.848293E+2	-2.000000E+0
7.848419E+2	2.000000E+0
7.848545E+2	4.000000E+0
7.848671E+2	4.000000E+0
7.848796E+2	2.000000E+0
7.848922E+2	1.000000E+0
7.849048E+2	-2.000000E+0
7.849174E+2	2.000000E+0
7.849299E+2	-1.000000E+0
7.849425E+2	0.000000E+0
7.849551E+2	-2.000000E+0
7.849677E+2	-1.000000E+0
7.849802E+2	2.000000E+0
7.849928E+2	-5.000000E+0
7.850054E+2	3.000000E+0
7.850179E+2	-4.000000E+0
7.850305E+2	3.000000E+0
7.850431E+2	-1.000000E+0
7.850557E+2	4.000000E+0
7.850682E+2	-3.000000E+0
7.850808E+2	-7.000000E+0
7.850934E+2	1.000000E+0
7.851060E+2	2.000000E+0
7.851185E+2	4.000000E+0
7.851311E+2	0.000000E+0
7.851437E+2	2.000000E+0
7.851562E+2	-1.000000E+0
7.851688E+2	1.000000E+0
7.851814E+2	0.000000E+0
7.851940E+2	-1.000000E+0
7.852065E+2	-2.000000E+0
7.852191E+2	0.000000E+0
7.852316E+2	1.000000E+0
7.852442E+2	3.000000E+0
7.852568E+2	-1.000000E+0
7.852693E+2	-1.000000E+0
7.852819E+2	6.000000E+0
7.852945E+2	1.000000E+0
7.853071E+2	3.000000E+0
7.853196E+2	-2.000000E+0
7.853322E+2	2.000000E+0
7.853448E+2	-1.000000E+0
7.853574E+2	-1.000000E+0
7.853699E+2	0.000000E+0
7.853825E+2	0.000000E+0
7.853951E+2	-4.000000E+0
7.854077E+2	0.000000E+0
7.854202E+2	7.000000E+0
7.854328E+2	3.000000E+0
7.854454E+2	1.000000E+0
7.854579E+2	0.000000E+0
7.854705E+2	2.000000E+0
7.854831E+2	-3.000000E+0
7.854957E+2	3.000000E+0
7.855082E+2	-5.000000E+0
7.855208E+2	0.000000E+0
7.855333E+2	3.000000E+0
7.855459E+2	-4.000000E+0
7.855585E+2	4.000000E+0
7.855710E+2	2.000000E+0
7.855836E+2	0.000000E+0
7.855962E+2	3.000000E+0
7.856088E+2	2.000000E+0
7.856213E+2	1.000000E+0
7.856339E+2	2.000000E+0
7.856465E+2	2.000000E+0
7.856591E+2	0.000000E+0
7.856716E+2	2.000000E+0
7.856842E+2	-4.000000E+0
7.856967E+2	3.000000E+0
7.857093E+2	4.000000E+0
7.857219E+2	3.000000E+0
7.857344E+2	-2.000000E+0
7.857470E+2	2.000000E+0
7.857596E+2	-2.000000E+0
7.857722E+2	5.000000E+0
7.857847E+2	-1.000000E+0
7.857973E+2	4.000000E+0
7.858099E+2	1.000000E+0
7.858224E+2	2.000000E+0
7.858350E+2	1.000000E+0
7.858475E+2	0.000000E+0
7.858601E+2	-1.000000E+0
7.858727E+2	0.000000E+0
7.858853E+2	-1.000000E+0
7.858978E+2	4.000000E+0
7.859104E+2	2.000000E+0
7.859230E+2	0.000000E+0
7.859355E+2	1.000000E+0
7.859481E+2	1.000000E+0
7.859606E+2	1.000000E+0
7.859732E+2	4.000000E+0
7.859858E+2	0.000000E+0
7.859984E+2	6.000000E+0
7.860109E+2	2.000000E+0
7.860235E+2	0.000000E+0
7.860361E+2	2.000000E+0
7.860486E+2	3.000000E+0
7.860612E+2	5.000000E+0
7.860737E+2	3.000000E+0
7.860863E+2	6.000000E+0
7.860989E+2	2.000000E+0
7.861115E+2	0.000000E+0
7.861240E+2	1.000000E+0
7.861366E+2	1.000000E+0
7.861491E+2	5.000000E+0
7.861617E+2	2.000000E+0
7.861743E+2	-1.000000E+0
7.861868E+2	2.000000E+0
7.861994E+2	5.000000E+0
7.862120E+2	-1.000000E+0
7.862245E+2	5.000000E+0
7.862371E+2	-1.000000E+0
7.862496E+2	-1.000000E+0
7.862622E+2	-1.000000E+0
7.862748E+2	-1.000000E+0
7.862874E+2	-2.000000E+0
7.862999E+2	1.000000E+0
7.863125E+2	4.000000E+0
7.863250E+2	1.000000E+0
7.863376E+2	4.000000E+0
7.863502E+2	1.000000E+0
7.863627E+2	-3.000000E+0
7.863753E+2	3.000000E+0
7.863879E+2	3.000000E+0
7.864004E+2	4.000000E+0
7.864130E+2	1.000000E+0
7.864255E+2	2.000000E+0
7.864381E+2	3.000000E+0
7.864507E+2	3.000000E+0
7.864633E+2	5.000000E+0
7.864758E+2	2.000000E+0
7.864883E+2	3.000000E+0
7.865009E+2	0.000000E+0
7.865135E+2	1.000000E+0
7.865261E+2	1.000000E+0
7.865386E+2	-2.000000E+0
7.865511E+2	0.000000E+0
7.865637E+2	0.000000E+0
7.865763E+2	1.000000E+0
7.865889E+2	3.000000E+0
7.866014E+2	2.000000E+0
7.866140E+2	4.000000E+0
7.866265E+2	5.000000E+0
7.866391E+2	3.000000E+0
7.866517E+2	4.000000E+0
7.866642E+2	0.000000E+0
7.866768E+2	4.000000E+0
7.866893E+2	-1.000000E+0
7.867019E+2	5.000000E+0
7.867145E+2	3.000000E+0
7.867271E+2	2.000000E+0
7.867396E+2	-4.000000E+0
7.867521E+2	2.000000E+0
7.867647E+2	0.000000E+0
7.867773E+2	2.000000E+0
7.867898E+2	0.000000E+0
7.868024E+2	-4.000000E+0
7.868149E+2	1.000000E+0
7.868275E+2	-1.000000E+0
7.868401E+2	-4.000000E+0
7.868526E+2	4.000000E+0
7.868652E+2	3.000000E+0
7.868777E+2	-5.000000E+0
7.868903E+2	-2.000000E+0
7.869028E+2	0.000000E+0
7.869154E+2	3.000000E+0
7.869280E+2	3.000000E+0
7.869406E+2	0.000000E+0
7.869531E+2	5.000000E+0
7.869656E+2	4.000000E+0
7.869782E+2	-1.000000E+0
7.869908E+2	2.000000E+0
7.870034E+2	-2.000000E+0
7.870159E+2	1.000000E+0
7.870284E+2	1.000000E+0
7.870410E+2	-2.000000E+0
7.870536E+2	5.000000E+0
7.870661E+2	-2.000000E+0
7.870787E+2	-1.000000E+0
7.870912E+2	0.000000E+0
7.871038E+2	2.000000E+0
7.871163E+2	-2.000000E+0
7.871289E+2	2.000000E+0
7.871415E+2	0.000000E+0
7.871541E+2	3.000000E+0
7.871666E+2	0.000000E+0
7.871791E+2	1.000000E+0
7.871917E+2	0.000000E+0
7.872042E+2	3.000000E+0
7.872168E+2	-4.000000E+0
7.872294E+2	1.000000E+0
7.872419E+2	-1.000000E+0
7.872545E+2	0.000000E+0
7.872670E+2	-1.000000E+0
7.872796E+2	-4.000000E+0
7.872922E+2	3.000000E+0
7.873047E+2	-2.000000E+0
7.873173E+2	0.000000E+0
7.873298E+2	3.000000E+0
7.873423E+2	2.000000E+0
7.873549E+2	1.000000E+0
7.873675E+2	6.000000E+0
7.873801E+2	7.000000E+0
7.873926E+2	4.000000E+0
7.874052E+2	4.000000E+0
7.874177E+2	4.000000E+0
7.874302E+2	4.000000E+0
7.874428E+2	-1.000000E+0
7.874554E+2	2.000000E+0
7.874680E+2	1.000000E+0
7.874805E+2	-3.000000E+0
7.874930E+2	3.000000E+0
7.875056E+2	-2.000000E+0
7.875181E+2	-2.000000E+0
7.875307E+2	0.000000E+0
7.875433E+2	2.000000E+0
7.875558E+2	-2.000000E+0
7.875684E+2	2.000000E+0
7.875809E+2	8.000000E+0
7.875934E+2	-2.000000E+0
7.876060E+2	7.000000E+0
7.876186E+2	1.000000E+0
7.876312E+2	-5.000000E+0
7.876437E+2	-1.000000E+0
7.876562E+2	1.000000E+0
7.876688E+2	-1.000000E+0
7.876813E+2	4.000000E+0
7.876939E+2	3.000000E+0
7.877065E+2	-2.000000E+0
7.877190E+2	3.000000E+0
7.877316E+2	0.000000E+0
7.877441E+2	1.000000E+0
7.877567E+2	1.000000E+0
7.877692E+2	2.000000E+0
7.877818E+2	6.000000E+0
7.877943E+2	1.000000E+0
7.878069E+2	-1.000000E+0
7.878195E+2	-2.000000E+0
7.878320E+2	-2.000000E+0
7.878445E+2	3.000000E+0
7.878571E+2	-5.000000E+0
7.878696E+2	-2.000000E+0
7.878822E+2	1.000000E+0
7.878947E+2	3.000000E+0
7.879073E+2	0.000000E+0
7.879199E+2	5.000000E+0
7.879324E+2	-1.000000E+0
7.879449E+2	-2.000000E+0
7.879575E+2	0.000000E+0
7.879700E+2	-3.000000E+0
7.879826E+2	0.000000E+0
7.879952E+2	0.000000E+0
7.880077E+2	2.000000E+0
7.880203E+2	2.000000E+0
7.880328E+2	0.000000E+0
7.880453E+2	-1.000000E+0
7.880579E+2	1.000000E+0
7.880704E+2	1.000000E+0
7.880830E+2	-1.000000E+0
7.880956E+2	2.000000E+0
7.881081E+2	-1.000000E+0
7.881207E+2	6.000000E+0
7.881332E+2	1.000000E+0
7.881458E+2	-2.000000E+0
7.881583E+2	5.000000E+0
7.881708E+2	1.000000E+0
7.881834E+2	3.000000E+0
7.881960E+2	0.000000E+0
7.882085E+2	5.000000E+0
7.882211E+2	2.000000E+0
7.882336E+2	0.000000E+0
7.882462E+2	-4.000000E+0
7.882587E+2	-4.000000E+0
7.882712E+2	-2.000000E+0
7.882838E+2	0.000000E+0
7.882963E+2	-1.000000E+0
7.883089E+2	1.000000E+0
7.883215E+2	5.000000E+0
7.883340E+2	-1.000000E+0
7.883466E+2	2.000000E+0
7.883591E+2	2.000000E+0
7.883716E+2	2.000000E+0
7.883842E+2	-2.000000E+0
7.883967E+2	-2.000000E+0
7.884093E+2	1.000000E+0
7.884218E+2	-6.000000E+0
7.884344E+2	1.000000E+0
7.884469E+2	-3.000000E+0
7.884595E+2	-1.000000E+0
7.884720E+2	-3.000000E+0
7.884846E+2	3.000000E+0
7.884971E+2	-2.000000E+0
7.885096E+2	-1.000000E+0
7.885222E+2	2.000000E+0
7.885347E+2	2.000000E+0
7.885473E+2	-1.000000E+0
7.885599E+2	-2.000000E+0
7.885724E+2	4.000000E+0
7.885850E+2	-1.000000E+0
7.885975E+2	1.000000E+0
7.886100E+2	2.000000E+0
7.886226E+2	2.000000E+0
7.886351E+2	1.000000E+0
7.886477E+2	-3.000000E+0
7.886602E+2	6.000000E+0
7.886728E+2	-1.000000E+0
7.886853E+2	0.000000E+0
7.886979E+2	0.000000E+0
7.887104E+2	-2.000000E+0
7.887230E+2	3.000000E+0
7.887355E+2	-2.000000E+0
7.887480E+2	0.000000E+0
7.887606E+2	1.000000E+0
7.887731E+2	-1.000000E+0
7.887857E+2	-5.000000E+0
7.887982E+2	1.000000E+0
7.888108E+2	7.000000E+0
7.888233E+2	-2.000000E+0
7.888359E+2	3.000000E+0
7.888484E+2	-1.000000E+0
7.888610E+2	5.000000E+0
7.888735E+2	1.000000E+0
7.888860E+2	2.000000E+0
7.888986E+2	-3.000000E+0
7.889111E+2	1.000000E+0
7.889236E+2	4.000000E+0
7.889362E+2	2.000000E+0
7.889487E+2	3.000000E+0
7.889613E+2	-7.000000E+0
7.889738E+2	-1.000000E+0
7.889864E+2	-3.000000E+0
7.889989E+2	-1.000000E+0
7.890115E+2	-1.000000E+0
7.890240E+2	2.000000E+0
7.890366E+2	0.000000E+0
7.890491E+2	0.000000E+0
7.890616E+2	-1.000000E+0
7.890742E+2	-1.000000E+0
7.890867E+2	-3.000000E+0
7.890993E+2	-1.000000E+0
7.891118E+2	1.000000E+0
7.891244E+2	2.000000E+0
7.891369E+2	0.000000E+0
7.891494E+2	2.000000E+0
7.891620E+2	2.000000E+0
7.891745E+2	4.000000E+0
7.891871E+2	4.000000E+0
7.891996E+2	2.000000E+0
7.892122E+2	1.000000E+0
7.892247E+2	-5.000000E+0
7.892372E+2	-1.000000E+0
7.892498E+2	3.000000E+0
7.892623E+2	-1.000000E+0
7.892748E+2	1.000000E+0
7.892874E+2	0.000000E+0
7.892999E+2	-3.000000E+0
7.893125E+2	-2.000000E+0
7.893250E+2	3.000000E+0
7.893376E+2	2.000000E+0
7.893501E+2	1.000000E+0
7.893627E+2	2.000000E+0
7.893752E+2	-2.000000E+0
7.893878E+2	-3.000000E+0
7.894003E+2	-2.000000E+0
7.894128E+2	-2.000000E+0
7.894254E+2	-1.000000E+0
7.894379E+2	-1.000000E+0
7.894504E+2	1.000000E+0
7.894630E+2	-1.000000E+0
7.894755E+2	0.000000E+0
7.894880E+2	0.000000E+0
7.895006E+2	-3.000000E+0
7.895131E+2	-3.000000E+0
7.895257E+2	2.000000E+0
7.895382E+2	1.000000E+0
7.895507E+2	-2.000000E+0
7.895633E+2	0.000000E+0
7.895758E+2	2.000000E+0
7.895884E+2	1.000000E+0
7.896009E+2	-1.000000E+0
7.896135E+2	4.000000E+0
7.896260E+2	5.000000E+0
7.896385E+2	3.000000E+0
7.896511E+2	0.000000E+0
7.896636E+2	-1.000000E+0
7.896761E+2	2.000000E+0
7.896887E+2	-3.000000E+0
7.897012E+2	2.000000E+0
7.897137E+2	-5.000000E+0
7.897263E+2	1.000000E+0
7.897388E+2	1.000000E+0
7.897513E+2	1.000000E+0
7.897639E+2	3.000000E+0
7.897764E+2	-4.000000E+0
7.897890E+2	3.000000E+0
7.898015E+2	2.000000E+0
7.898140E+2	3.000000E+0
7.898266E+2	0.000000E+0
7.898391E+2	1.000000E+0
7.898517E+2	2.000000E+0
7.898642E+2	5.000000E+0
7.898767E+2	-1.000000E+0
7.898893E+2	1.000000E+0
7.899018E+2	-4.000000E+0
7.899144E+2	0.000000E+0
7.899269E+2	2.000000E+0
7.899394E+2	1.000000E+0
7.899520E+2	3.000000E+0
7.899645E+2	1.000000E+0
7.899771E+2	-3.000000E+0
7.899896E+2	-1.000000E+0
7.900021E+2	3.000000E+0
7.900146E+2	2.000000E+0
7.900272E+2	1.000000E+0
7.900397E+2	1.000000E+0
7.900522E+2	8.000000E+0
7.900648E+2	4.000000E+0
7.900773E+2	3.000000E+0
7.900898E+2	0.000000E+0
7.901024E+2	-2.000000E+0
7.901149E+2	-3.000000E+0
7.901274E+2	2.000000E+0
7.901400E+2	0.000000E+0
7.901525E+2	4.000000E+0
7.901650E+2	-1.000000E+0
7.901776E+2	4.000000E+0
7.901901E+2	1.000000E+0
7.902026E+2	4.000000E+0
7.902152E+2	0.000000E+0
7.902277E+2	3.000000E+0
7.902402E+2	-1.000000E+0
7.902528E+2	2.000000E+0
7.902653E+2	0.000000E+0
7.902779E+2	0.000000E+0
7.902904E+2	-3.000000E+0
7.903029E+2	-2.000000E+0
7.903155E+2	5.000000E+0
7.903280E+2	2.000000E+0
7.903405E+2	0.000000E+0
7.903531E+2	4.000000E+0
7.903656E+2	-2.000000E+0
7.903781E+2	3.000000E+0
7.903907E+2	7.000000E+0
7.904032E+2	1.000000E+0
7.904157E+2	2.000000E+0
7.904283E+2	-3.000000E+0
7.904408E+2	2.000000E+0
7.904533E+2	3.000000E+0
7.904659E+2	1.000000E+0
7.904784E+2	2.000000E+0
7.904909E+2	6.000000E+0
7.905035E+2	2.000000E+0
7.905160E+2	-4.000000E+0
7.905285E+2	-4.000000E+0
7.905411E+2	-2.000000E+0
7.905536E+2	-3.000000E+0
7.905661E+2	2.000000E+0
7.905787E+2	-1.000000E+0
7.905912E+2	0.000000E+0
7.906037E+2	1.000000E+0
7.906162E+2	1.000000E+0
7.906288E+2	4.000000E+0
7.906413E+2	2.000000E+0
7.906538E+2	-2.000000E+0
7.906664E+2	1.000000E+0
7.906789E+2	3.000000E+0
7.906914E+2	2.000000E+0
7.907040E+2	0.000000E+0
7.907165E+2	1.000000E+0
7.907290E+2	3.000000E+0
7.907415E+2	0.000000E+0
7.907541E+2	0.000000E+0
7.907666E+2	0.000000E+0
7.907791E+2	-1.000000E+0
7.907917E+2	-3.000000E+0
7.908042E+2	4.000000E+0
7.908167E+2	6.000000E+0
7.908292E+2	1.000000E+0
7.908418E+2	0.000000E+0
7.908543E+2	-2.000000E+0
7.908668E+2	6.000000E+0
7.908794E+2	0.000000E+0
